   NUM RES   HA     H       N        CA      CB       C
 --- --- ------ ------ -------- ------- ------- --------
  1     S  4.4936 8.1776 116.7852 57.9721 64.8573 175.0875
  2     D  4.2141 8.1221 120.3899 54.7598 39.3950 175.4580
  3     K  4.4371 8.6280 118.9586 56.0155 33.5996 176.5779
  4     I  4.4771 7.1672 121.1627 59.8501 38.2802 175.7995
  5     I  3.8416 8.5077 128.9524 61.5196 38.2056 174.7097
  6     H  4.8054 8.7645 128.0765 55.4195 29.8713 174.5060
  7     L  4.7755 8.3999 126.4800 53.6087 43.3963 175.9637
  8     T  4.8639 8.3709 110.0758 59.0635 72.1360 174.7949
  9     D  4.4288 9.0486 121.8115 57.9273 40.7901 178.8924
  10    D  4.5697 8.1049 117.6062 56.5673 41.2205 177.8566
  11    S  4.4889 8.0595 113.2789 58.8320 63.4196 175.7820
  12    F  3.8284 7.8810 125.2643 61.5463 39.2282 176.3086
  13    D  4.3516 8.3932 117.3824 57.7704 40.8894 178.2250
  14    T  3.8364 7.6461 114.6712 66.8395 68.5607 175.9093
  15    D  4.4265 8.1186 119.3298 55.7050 41.3069 177.7603
  16    V  3.7545 7.4348 117.1839 64.4605 32.4415 177.9049
  17    L  3.9668 7.5325 116.4186 56.9612 41.7402 178.0305
  18    K  4.4334 7.5844 115.5487 55.8056 32.2020 176.4243
  19    A  4.0389 7.4275 122.2072 52.1035 18.7601 177.4228
  20    D  4.4514 8.2876 120.4575 54.3625 41.7252 177.5959
  21    G  3.9319 8.7649 112.4294 44.5474  0.0000 172.1520
  22    A  4.5223 8.7423 120.7526 51.7349 19.7311 176.6686
  23    I  4.9632 8.7255 120.9610 59.1105 41.7786 173.5724
  24    L  5.0736 9.0712 131.7023 53.4752 44.1348 174.8540
  25    V  4.7355 9.2053 126.7323 61.1819 34.1320 173.4657
  26    D  5.1893 9.0767 128.6515 52.9560 42.8268 174.8665
  27    F  5.2027 9.2376 126.0617 56.1914 40.6060 175.2192
  28    W  5.2623 8.8828 120.0665 55.6245 32.3962 173.2121
  29    A  3.7197 7.8074 118.7060 50.3960 21.0501 177.3419
  30    E  4.0171 8.3184 121.7263 58.7009 29.8404 178.2888
  31    W  4.3476 7.4549 113.6009 57.5240 29.0125 176.9231
  32    C  4.7524 7.6772 120.9670 55.2627 43.9694 173.7691
  33    G  3.6226 9.5134 116.7930 47.7160  0.0000 172.8243
  34    P  4.3429 0.0000   0.0000 65.0450 31.0592 179.4803
  35    C  4.3453 8.0809 114.4119 60.0699 35.6678 175.8284
  36    K  3.9233 8.0752 119.8772 59.4654 31.3505 179.1174
  37    M  4.0431 7.9475 118.2393 57.9873 32.4739 177.4222
  38    I  4.0789 7.4918 111.3530 61.2664 38.3932 177.3511
  39    A  3.8109 7.5096 123.9599 55.2150 18.1940 177.8984
  40    P  4.1986 0.0000   0.0000 65.6606 31.3616 178.9687
  41    I  4.1115 7.5335 119.7034 63.7260 36.9692 178.2295
  42    L  3.9626 7.9656 120.0017 57.7615 41.4756 179.2608
  43    D  4.3132 7.9003 118.6290 57.3728 40.6024 178.6290
  44    E  3.9983 8.2529 119.0477 59.5417 29.3841 179.5594
  45    I  3.8814 8.0447 119.6799 64.2358 36.9144 178.2014
  46    A  4.0128 8.1149 121.1227 55.3125 18.3521 179.2591
  47    D  4.4432 8.0673 116.9523 57.7394 40.7901 178.9482
  48    E  4.0608 8.4144 117.7763 58.6157 29.6292 177.5355
  49    Y  4.5080 8.1164 114.9971 57.3414 38.4735 175.0306
  50    Q  4.1536 7.5825 121.6214 57.9893 29.3389 176.7732
  51    G  4.1187 9.3965 114.1874 45.0661  0.0000 174.1037
  52    K  4.5521 8.2196 116.5528 56.1982 34.2254 175.8752
  53    L  4.8361 7.6869 119.1662 53.9751 45.3072 174.6026
  54    T  4.6073 8.6610 122.3790 62.0146 70.8751 173.6516
  55    V  4.8641 8.9285 125.7981 61.2403 34.2153 174.2758
  56    A  5.2550 9.1055 127.7174 50.3144 23.3054 174.8448
  57    K  5.0431 8.9600 117.7678 54.5049 36.7107 175.6236
  58    L  4.8447 8.9537 125.1778 53.1818 45.3009 174.8341
  59    N  4.2212 9.2374 127.4506 52.9812 39.2351 175.5914
  60    I  4.2223 8.2523 120.6628 62.5316 37.8586 177.3424
  61    D  4.5468 8.2389 123.2000 57.3788 40.8634 177.7386
  62    Q  4.2186 8.0881 116.1988 57.7178 29.4253 175.8779
  63    N  4.9857 8.0098 115.4279 50.8192 39.1084 172.7567
  64    P  4.7421 0.0000   0.0000 63.3810 32.3999 178.4283
  65    G  3.7691 8.4500 108.5295 48.2679  0.0000 175.6337
  66    T  4.0021 8.1708 116.4249 66.4050 69.1546 176.6435
  67    A  3.7960 8.8354 123.6231 55.0430 18.1618 177.9988
  68    P  4.2080 0.0000   0.0000 65.5438 31.1645 178.8623
  69    K  3.9589 7.8420 116.3145 58.3065 31.9167 177.8154
  70    Y  4.4772 7.5823 114.9758 56.5604 38.3515 175.6567
  71    G  3.8836 7.6255 107.5195 46.4638  0.0000 174.3824
  72    I  3.8374 7.7139 119.9183 60.8734 37.6159 176.0621
  73    R  4.5139 8.5015 123.2964 56.1858 31.9439 175.1768
  74    G  4.3358 7.6965 104.2679 44.2832  0.0000 171.5402
  75    I  4.8176 8.3647 112.7191 57.8450 40.7274 173.6279
  76    P  4.9332 0.0000   0.0000 62.7339 32.9935 175.0106
  77    T  5.0598 8.5787 117.3210 61.8573 72.6158 172.4850
  78    L  5.3268 9.1235 125.9106 53.0586 44.4009 175.2545
  79    L  4.9370 9.1607 124.1152 52.8145 44.7052 175.1572
  80    L  5.0672 8.8721 126.3837 53.7343 43.7557 174.8975
  81    F  5.2517 9.2553 126.0678 56.0884 41.7289 175.4245
  82    K  4.8350 8.7756 121.0361 55.4611 36.5802 176.3748
  83    N  4.1279 9.9240 122.0031 54.5164 36.6446 175.4428
  84    G  4.0547 9.0898 104.0815 45.6182  0.0000 173.6273
  85    E  4.8963 8.1873 119.0893 53.7276 32.9904 174.7051
  86    V  3.4616 8.3898 123.2113 62.8838 31.9754 175.4926
  87    A  4.5253 8.7306 128.9780 53.5669 20.2405 176.6458
  88    A  4.6208 7.3879 114.0431 51.7010 22.4061 175.4800
  89    T  5.2467 8.6060 108.5222 60.2280 72.7186 173.2744
  90    K  4.3631 8.8540 123.3434 55.0286 35.6193 174.7391
  91    V  4.3821 8.5498 127.5328 62.4860 32.9481 176.2400
  92    G  3.9479 9.1755 113.4202 44.9907  0.0000 173.0237
  93    A  4.2027 8.3040 123.0997 52.1861 18.9333 176.8665
  94    L  4.5457 7.7351 118.2785 53.6221 43.1111 175.6772
  95    S  4.5191 9.0030 115.6114 57.2764 65.4696 175.0536
  96    K  3.9336 8.7859 123.8753 59.8827 31.8192 179.2158
  97    G  3.6241 8.2458 105.7882 47.8996  0.0000 175.7652
  98    Q  4.0500 8.0353 120.0180 58.5586 28.7275 178.5101
  99    L  3.9723 8.2453 121.6873 58.0860 42.1382 179.1074
  100   K  4.0551 8.3157 118.5390 59.6834 32.0252 179.1873
  101   E  4.0697 8.3070 118.8201 59.2492 29.1377 179.1315
  102   F  4.1438 8.2780 119.9127 61.2775 39.6976 176.9349
  103   L  3.9246 8.5128 118.9192 57.9612 41.5973 179.2384
  104   D  4.3800 8.6542 118.9780 57.3210 40.5015 178.7310
  105   A  4.1303 7.9242 120.3288 54.1014 18.4079 178.2092
  106   N  4.7314 7.8931 112.2466 53.0666 40.0952 175.7433
  107   L  4.3473 8.7368 117.9336 54.6065 42.4914 176.2085
  108   A  4.0875 8.1505 125.7924 51.6561 18.8610 176.6271
